,age,bmi,children,charges,sex_d,smoker_d,log_charges
0,19,27.9,0,16884.924,0,0,9.734176431773115
1,18,33.77,1,1725.5523,1,1,7.453302452133774
2,28,33.0,3,4449.462,1,1,8.400538468975023
3,33,22.705,0,21984.47061,1,1,9.998091601725266
4,32,28.88,0,3866.8552,1,1,8.260196845858372
5,31,25.74,0,3756.6216,0,1,8.231275321843
6,46,33.44,1,8240.5896,0,1,9.016827173741753
7,37,27.74,3,7281.5056,0,1,8.893092932994646
8,37,29.83,2,6406.4107,1,1,8.765054439884247
9,60,25.84,0,28923.13692,0,1,10.272397139270046
10,25,26.22,0,2721.3208,1,1,7.908872629665523
11,62,26.29,0,27808.7251,0,0,10.233105102955316
12,23,34.4,0,1826.843,1,1,7.510344619461671
13,56,39.82,0,11090.7178,0,1,9.3138638032273
14,27,42.13,0,39611.7577,1,0,10.586881264789202
15,19,24.6,1,1837.237,1,1,7.516018091591322
16,52,30.78,1,10797.3362,0,1,9.287054734541506
17,23,23.845,0,2395.17155,1,1,7.78121013567231
18,56,40.3,0,10602.385,1,1,9.268834254791456
19,30,35.3,0,36837.467,1,0,10.514270731219284
20,60,36.005,0,13228.84695,0,1,9.490155099115842
21,30,32.4,1,4149.736,0,1,8.330799996743426
22,18,34.1,0,1137.011,1,1,7.036158168285971
23,34,31.92,1,37701.8768,0,0,10.537465154690363
24,37,28.025,2,6203.90175,1,1,8.73293368761397
25,59,27.72,3,14001.1338,0,1,9.546893591032516
26,63,23.085,0,14451.83515,0,1,9.578576685476762
27,55,32.775,2,12268.63225,0,1,9.414801060423951
28,23,17.385,1,2775.19215,1,1,7.928475267026576
29,31,36.3,2,38711.0,1,0,10.563879076356082
30,22,35.6,0,35585.576,1,0,10.479695666197845
31,18,26.315,0,2198.18985,0,1,7.695389505209892
32,19,28.6,5,4687.797,0,1,8.452718028271507
33,63,28.31,0,13770.0979,1,1,9.530254701356105
34,28,36.4,1,51194.55914,1,0,10.843388538584009
35,19,20.425,0,1625.43375,1,1,7.393529982223134
36,62,32.965,3,15612.19335,0,1,9.65580751292789
37,26,20.8,0,2302.3,1,1,7.741663902250325
38,35,36.67,1,39774.2763,1,0,10.59097565819445
39,60,39.9,0,48173.361,1,0,10.782561470908275
40,24,26.6,0,3046.062,0,1,8.021604887811318
41,31,36.63,2,4949.7587,0,1,8.507094106899793
42,41,21.78,1,6272.4772,1,1,8.743926643319663
43,37,30.8,2,6313.759,0,1,8.750486499241552
44,38,37.05,1,6079.6715,1,1,8.712705943895298
45,55,37.3,0,20630.28351,1,1,9.93451534857872
46,18,38.665,2,3393.35635,0,1,8.129574784321063
47,28,34.77,0,3556.9223,0,1,8.176650927459093
48,60,24.53,0,12629.8967,0,1,9.443822036372055
49,36,35.2,1,38709.176,1,0,10.563831956855854
50,18,35.625,0,2211.13075,0,1,7.701259315246468
51,21,33.63,2,3579.8287,0,1,8.183070229087928
52,48,28.0,1,23568.272,1,0,10.067656679708454
53,36,34.43,0,37742.5757,1,0,10.538544065136376
54,40,28.69,3,8059.6791,0,1,8.994629020812297
55,58,36.955,2,47496.49445,1,0,10.76841118624667
56,58,31.825,2,13607.36875,0,1,9.518366744845707
57,18,31.68,2,34303.1672,1,0,10.442992967083542
58,53,22.88,1,23244.7902,0,0,10.053836308487051
59,34,37.335,2,5989.52365,0,1,8.697767163740266
60,43,27.36,3,8606.2174,1,1,9.060240174524983
61,25,33.66,4,4504.6624,1,1,8.41286822827766
62,64,24.7,1,30166.61817,1,1,10.314491233394307
63,28,25.935,1,4133.64165,0,1,8.326914052885053
64,20,22.42,0,14711.7438,0,0,9.596401351776898
65,19,28.9,0,1743.214,0,1,7.463485814805136
66,61,39.1,2,14235.072,0,1,9.56346405765509
67,40,26.315,1,6389.37785,1,1,8.762392179564197
68,40,36.19,0,5920.1041,0,1,8.686109312182905
69,28,23.98,3,17663.1442,1,0,9.779235499080675
70,27,24.75,0,16577.7795,0,0,9.715818493302972
71,31,28.5,5,6799.458,1,1,8.824598182105163
72,53,28.1,3,11741.726,0,1,9.370904101315244
73,58,32.01,1,11946.6259,1,1,9.388204166026542
74,44,27.4,2,7726.854,1,1,8.952457072970553
75,57,34.01,0,11356.6609,1,1,9.33755971420867
76,29,29.59,1,3947.4131,0,1,8.280815731954618
77,21,35.53,0,1532.4697,1,1,7.334635895999898
78,22,39.805,0,2755.02095,0,1,7.921180325913819
79,41,32.965,0,6571.02435,0,1,8.790425012567459
80,31,26.885,1,4441.21315,1,1,8.398682850087193
81,45,38.285,0,7935.29115,0,1,8.979075324158835
82,22,37.62,1,37165.1638,1,0,10.52312714452221
83,48,41.23,4,11033.6617,0,1,9.30870603358349
84,37,34.8,2,39836.519,0,0,10.592539333383169
85,45,22.895,2,21098.55405,1,0,9.956959788679958
86,57,31.16,0,43578.9394,0,0,10.682329271350698
87,56,27.2,0,11073.176,0,1,9.312280886089988
88,46,27.74,0,8026.6666,0,1,8.990524602449
89,55,26.98,0,11082.5772,0,1,9.313129532532235
90,21,39.49,0,2026.9741,0,1,7.614299368866667
91,53,24.795,1,10942.13205,0,1,9.300375942728616
92,59,29.83,3,30184.9367,1,0,10.315098294160247
93,35,34.77,2,5729.0053,1,1,8.653297199525971
94,64,31.3,2,47291.055,0,0,10.764076444545346
95,28,37.62,1,3766.8838,0,1,8.234003360388554
96,54,30.8,3,12105.32,0,1,9.401400304380042
97,55,38.28,0,10226.2842,1,1,9.23271656715675
98,56,19.95,0,22412.6485,1,0,10.01738074365831
99,38,19.3,0,15820.699,1,0,9.669074424922021
100,41,31.6,0,6186.127,0,1,8.730064483263824
101,30,25.46,0,3645.0894,1,1,8.201136170890955
102,18,30.115,0,21344.8467,0,1,9.968565617156433
103,61,29.92,3,30942.1918,0,0,10.339875961954133
104,34,27.5,1,5003.853,0,1,8.517963494656502
105,20,28.025,1,17560.37975,1,0,9.773400492809486
106,19,28.4,1,2331.519,0,1,7.754275265475304
107,26,30.875,2,3877.30425,1,1,8.262895410217363
108,29,27.94,0,2867.1196,1,1,7.961063181092804
109,63,35.09,0,47055.5321,1,0,10.75908371727273
110,54,33.63,1,10825.2537,1,1,9.289636989085668
111,55,29.7,2,11881.358,0,1,9.382725896148083
112,37,30.8,0,4646.759,1,1,8.443925266324161
113,21,35.72,0,2404.7338,0,1,7.78519449034302
114,52,32.205,3,11488.31695,1,1,9.349085880566193
115,60,28.595,0,30259.99556,1,1,10.317581840613983
116,58,49.06,0,11381.3254,1,1,9.339729168385329
117,29,27.94,1,19107.7796,0,0,9.857850840007492
118,49,27.17,0,8601.3293,0,1,9.059672040064365
119,37,23.37,2,6686.4313,0,1,8.807835572826509
120,44,37.1,2,7740.337,1,1,8.954200505687611
121,18,23.75,0,1705.6245,1,1,7.441686598314886
122,20,28.975,0,2257.47525,0,1,7.722002321775892
123,44,31.35,1,39556.4945,1,0,10.585485169575772
124,47,33.915,3,10115.00885,0,1,9.221775624539674
125,26,28.785,0,3385.39915,0,1,8.127227095676806
126,19,28.3,0,17081.08,0,0,9.745726697193628
127,52,37.4,0,9634.538,0,1,9.17310962951719
128,32,17.765,2,32734.1863,0,0,10.39617526337975
129,38,34.7,2,6082.405,1,1,8.71315545595782
130,59,26.505,0,12815.44495,0,1,9.458406359225453
131,61,22.04,0,13616.3586,0,1,9.519027187129101
132,53,35.9,2,11163.568,0,1,9.320410898099556
133,19,25.555,0,1632.56445,1,1,7.397907339697485
134,20,28.785,0,2457.21115,0,1,7.806782306964648
135,22,28.05,0,2155.6815,0,1,7.675862193843412
136,19,34.1,0,1261.442,1,1,7.140010790012643
137,22,25.175,0,2045.68525,1,1,7.623488097922841
138,54,31.9,3,27322.73386,0,1,10.215474376760241
139,22,36.0,0,2166.732,0,1,7.680975320607154
140,34,22.42,2,27375.90478,1,1,10.217418517896819
141,26,32.49,1,3490.5491,1,1,8.157814338064135
142,34,25.3,2,18972.495,1,0,9.8507455777387
143,29,29.735,2,18157.876,1,1,9.806859684962467
144,30,28.69,3,20745.9891,1,0,9.940108210589148
145,29,38.83,3,5138.2567,0,1,8.544469137496163
146,46,30.495,3,40720.55105,1,0,10.614488183794922
147,51,37.73,1,9877.6077,0,1,9.19802562579482
148,53,37.43,1,10959.6947,0,1,9.30197970427461
149,19,28.4,1,1842.519,1,1,7.518888936086307
150,35,24.13,1,5125.2157,1,1,8.54192789092582
151,48,29.7,0,7789.635,1,1,8.960549282824834
152,32,37.145,3,6334.34355,0,1,8.753741464655173
153,42,23.37,0,19964.7463,0,0,9.901723312178918
154,40,25.46,1,7077.1894,0,1,8.864632130470248
155,44,39.52,0,6948.7008,1,1,8.846309985832468
156,48,24.42,0,21223.6758,1,0,9.962872620540713
157,18,25.175,0,15518.18025,1,0,9.649767534929675
158,30,35.53,0,36950.2567,1,0,10.517327873578196
159,50,27.83,3,19749.38338,0,1,9.890877548576052
160,42,26.6,0,21348.706,0,0,9.96874640792068
161,18,36.85,0,36149.4835,0,0,10.495417939794661
162,54,39.6,1,10450.552,1,1,9.25441007896438
163,32,29.8,2,5152.134,0,1,8.547166276762724
164,37,29.64,0,5028.1466,1,1,8.522806726007444
165,47,28.215,4,10407.08585,1,1,9.250242184859143
166,20,37.0,5,4830.63,0,1,8.48273217292335
167,32,33.155,3,6128.79745,0,1,8.720753835134126
168,19,31.825,1,2719.27975,0,1,7.908122326430799
169,27,18.905,3,4827.90495,1,1,8.482167894782533
170,63,41.47,0,13405.3903,1,1,9.503412166247688
171,49,30.3,0,8116.68,1,1,9.00167648255175
172,18,15.96,0,1694.7964,1,1,7.435317894605706
173,35,34.8,1,5246.047,0,1,8.5652301195937
174,24,33.345,0,2855.43755,0,1,7.956980367790471
175,63,37.7,0,48824.45,0,0,10.79598649096049
176,38,27.835,2,6455.86265,1,1,8.772743934940326
177,54,29.2,1,10436.096,1,1,9.253025845141101
178,46,28.9,2,8823.279,0,1,9.085148848619458
179,41,33.155,3,8538.28845,0,1,9.05231585100584
180,58,28.595,0,11735.87905,1,1,9.370406013873325
181,18,38.28,0,1631.8212,0,1,7.3974519706985165
182,22,19.95,3,4005.4225,1,1,8.295404347072033
183,44,26.41,0,7419.4779,0,1,8.91186396980437
184,44,30.69,2,7731.4271,1,1,8.95304874291158
185,36,41.895,3,43753.33705,1,0,10.68632316430551
186,26,29.92,2,3981.9768,0,1,8.289533658389189
187,30,30.9,3,5325.651,0,1,8.5802902366264
188,41,32.2,1,6775.961,0,1,8.821136480707299
189,29,32.11,2,4922.9159,0,1,8.50165629653286
190,61,31.57,0,12557.6053,1,1,9.438081761016077
191,36,26.2,0,4883.866,0,1,8.49369239832677
192,25,25.74,0,2137.6536,1,1,7.667464057878258
193,56,26.6,1,12044.342,0,1,9.396350285080237
194,18,34.43,0,1137.4697,1,1,7.036561513107688
195,19,30.59,0,1639.5631,1,1,7.402185082887787
196,39,32.8,0,5649.715,0,1,8.639360380390347
197,45,28.6,2,8516.829,0,1,9.04979936744745
198,51,18.05,0,9644.2525,0,1,9.17411742104044
199,64,39.33,0,14901.5167,0,1,9.60921827869941
200,19,32.11,0,2130.6759,0,1,7.664194532310539
201,48,32.23,1,8871.1517,0,1,9.090559909039461
202,60,24.035,0,13012.20865,0,1,9.473643322662959
203,27,36.08,0,37133.8982,0,0,10.522285529540705
204,46,22.3,0,7147.105,1,1,8.874462658591002
205,28,28.88,1,4337.7352,0,1,8.375107647568866
206,59,26.4,0,11743.299,1,1,9.371038059018279
207,35,27.74,2,20984.0936,1,0,9.951519982078127
208,63,31.8,0,13880.949,0,1,9.538272603481479
209,40,41.23,1,6610.1097,1,1,8.796355528774585
210,20,33.0,1,1980.07,1,1,7.590887476599013
211,40,30.875,4,8162.71625,1,1,9.007332266342479
212,24,28.5,2,3537.703,1,1,8.171232925464038
213,34,26.73,1,5002.7827,0,1,8.517749576605288
214,45,30.9,2,8520.026,0,1,9.050174671461898
215,41,37.1,2,7371.772,0,1,8.905413390476387
216,53,26.6,0,10355.641,0,1,9.245286674376384
217,27,23.1,0,2483.736,1,1,7.817519157211993
218,26,29.92,1,3392.9768,0,1,8.129462927154016
219,24,23.21,0,25081.76784,0,1,10.12989648030097
220,34,33.7,1,5012.471,0,1,8.51968428606193
221,53,33.25,0,10564.8845,0,1,9.265290997666689
222,32,30.8,3,5253.524,1,1,8.566654368501379
223,19,34.8,0,34779.615,1,0,10.456786718266788
224,42,24.64,0,19515.5416,1,0,9.878966432240112
225,55,33.88,3,11987.1682,1,1,9.39159203997651
226,28,38.06,0,2689.4954,1,1,7.89710887135675
227,58,41.91,0,24227.33724,0,1,10.09523691260038
228,41,31.635,1,7358.17565,0,1,8.90356730735587
229,47,25.46,2,9225.2564,1,1,9.129700262560421
230,42,36.195,1,7443.64305,0,1,8.915115665242206
231,59,27.83,3,14001.2867,0,1,9.54690451151705
232,19,17.8,0,1727.785,0,1,7.454595520326733
233,59,27.5,1,12333.828,1,1,9.420101010262051
234,39,24.51,2,6710.1919,1,1,8.811382828662593
235,40,22.22,2,19444.2658,0,0,9.875307488098656
236,18,26.73,0,1615.7667,0,1,7.38756485984698
237,31,38.39,2,4463.2051,1,1,8.403622419208565
238,19,29.07,0,17352.6803,1,0,9.761502257593413
239,44,38.06,1,7152.6714,1,1,8.875241188286216
240,23,36.67,2,38511.6283,0,0,10.558715508439093
241,33,22.135,1,5354.07465,0,1,8.585613166829567
242,55,26.8,1,35160.13457,0,1,10.467668179152426
243,40,35.3,3,7196.867,1,1,8.881401071414858
244,63,27.74,0,29523.1656,0,0,10.292930508737422
245,54,30.02,0,24476.47851,1,1,10.105467874562926
246,60,38.06,0,12648.7034,0,1,9.44530999087867
247,24,35.86,0,1986.9334,1,1,7.594347724123951
248,19,20.9,1,1832.094,1,1,7.513214853961428
249,29,28.975,1,4040.55825,1,1,8.304138142102193
250,18,17.29,2,12829.4551,1,0,9.459498985936145
251,63,32.2,2,47305.305,0,0,10.764377724639163
252,54,34.21,2,44260.7499,1,0,10.697853556525223
253,27,30.3,3,4260.744,1,1,8.357199071901572
254,50,31.825,0,41097.16175,1,0,10.623694340922153
255,55,25.365,3,13047.33235,0,1,9.476338974230188
256,56,33.63,0,43921.1837,1,0,10.690152027095278
257,38,40.15,0,5400.9805,0,1,8.594335790143862
258,51,24.415,4,11520.09985,1,1,9.351848601747042
259,19,31.92,0,33750.2918,1,0,10.426744342189226
260,58,25.2,0,11837.16,0,1,9.378999014800954
261,20,26.84,1,17085.2676,0,0,9.74597182728889
262,52,24.32,3,24869.8368,1,0,10.12141097465288
263,19,36.955,0,36219.40545,1,0,10.497350316338569
264,53,38.06,3,20462.99766,0,1,9.926373541970088
265,46,42.35,3,46151.1245,1,0,10.739676605831331
266,40,19.8,1,17179.522,1,0,9.75147337210112
267,59,32.395,3,14590.63205,0,1,9.588134961346164
268,45,30.2,1,7441.053,1,1,8.914767650070457
269,49,25.84,1,9282.4806,1,1,9.135884096094836
270,18,29.37,1,1719.4363,1,1,7.449751783533308
271,50,34.2,2,42856.838,1,0,10.665620491224391
272,41,37.05,2,7265.7025,1,1,8.890920267819599
273,50,27.455,1,9617.66245,1,1,9.17135652556776
274,25,27.55,0,2523.1695,1,1,7.833271128310732
275,47,26.6,2,9715.841,0,1,9.181512925228999
276,19,20.615,2,2803.69785,1,1,7.938694485572268
277,22,24.3,0,2150.469,0,1,7.673441236867624
278,59,31.79,2,12928.7911,1,1,9.467211971648577
279,51,21.56,1,9855.1314,0,1,9.195747552831266
280,40,28.12,1,22331.5668,0,0,10.01375650806908
281,54,40.565,3,48549.17835,1,0,10.790332549786354
282,30,27.645,1,4237.12655,1,1,8.351640618011537
283,55,32.395,1,11879.10405,0,1,9.38253617340599
284,52,31.2,0,9625.92,0,1,9.172214739003671
285,46,26.62,1,7742.1098,1,1,8.954429513418837
286,46,48.07,2,9432.9253,0,1,9.15196153961076
287,63,26.22,0,14256.1928,0,1,9.564946673749331
288,59,36.765,1,47896.79135,0,0,10.776803794725254
289,52,26.4,3,25992.82104,1,1,10.16557566503102
290,28,33.4,0,3172.018,0,1,8.062123257391853
291,29,29.64,1,20277.80751,1,1,9.917282340913964
292,25,45.54,2,42112.2356,1,0,10.648093609274202
293,22,28.82,0,2156.7518,0,1,7.67635857254542
294,25,26.8,3,3906.127,1,1,8.270301624988955
295,18,22.99,0,1704.5681,1,1,7.44106704384527
296,19,27.7,0,16297.846,1,0,9.698788230823373
297,47,25.41,1,21978.6769,1,0,9.99782803051339
298,31,34.39,3,38746.3551,1,0,10.564791968421908
299,48,28.88,1,9249.4952,0,1,9.132324256044338
300,36,27.55,3,6746.7425,1,1,8.8168150747887
301,53,22.61,3,24873.3849,0,0,10.121553631275622
302,56,37.51,2,12265.5069,0,1,9.414546284823487
303,28,33.0,2,4349.462,0,1,8.377807438273036
304,57,38.0,2,12646.207,0,1,9.445112607296863
305,29,33.345,2,19442.3535,1,1,9.87520913550149
306,28,27.5,2,20177.67113,0,1,9.912331882391653
307,30,33.33,1,4151.0287,0,1,8.331111462025765
308,58,34.865,0,11944.59435,1,1,9.38803409936744
309,41,33.06,2,7749.1564,0,1,8.955339264809723
310,50,26.6,0,8444.474,1,1,9.041267541926123
311,19,24.7,0,1737.376,0,1,7.460131207985733
312,43,35.97,3,42124.5153,1,0,10.648385161357012
313,49,35.86,0,8124.4084,1,1,9.002628192239301
314,27,31.4,0,34838.873,0,0,10.458489082567231
315,52,33.25,0,9722.7695,1,1,9.182225784853754
316,50,32.205,0,8835.26495,1,1,9.086506372985527
317,54,32.775,0,10435.06525,1,1,9.25292707248648
318,44,27.645,0,7421.19455,0,1,8.912095313769873
319,32,37.335,1,4667.60765,1,1,8.448401938888532
320,34,25.27,1,4894.7533,1,1,8.495919155328892
321,26,29.64,4,24671.66334,0,1,10.11341063084194
322,34,30.8,0,35491.64,1,0,10.47705245477294
323,57,40.945,0,11566.30055,1,1,9.35585102402813
324,29,27.2,0,2866.091,1,1,7.960704359454179
325,40,34.105,1,6600.20595,1,1,8.79485613207312
326,27,23.21,1,3561.8889,0,1,8.178046273020675
327,45,36.48,2,42760.5022,1,0,10.663370109691156
328,64,33.8,1,47928.03,0,0,10.777455789702474
329,52,36.7,0,9144.565,1,1,9.120914992717132
330,61,36.385,1,48517.56315,0,0,10.789681138177611
331,52,27.36,0,24393.6224,1,0,10.102077000067178
332,61,31.16,0,13429.0354,0,1,9.505174462663783
333,56,28.785,0,11658.37915,0,1,9.363780440807814
334,43,35.72,2,19144.57652,0,1,9.859774744053276
335,64,34.5,0,13822.803,1,1,9.534074898753166
336,60,25.74,0,12142.5786,1,1,9.404473447330512
337,62,27.55,1,13937.6665,1,1,9.54235027431946
338,50,32.3,1,41919.097,1,0,10.643496777732379
339,46,27.72,1,8232.6388,0,1,9.015861874114465
340,24,27.6,0,18955.22017,0,1,9.849834643287883
341,62,30.02,0,13352.0998,1,1,9.499428939849388
342,60,27.55,0,13217.0945,0,1,9.489266308614972
343,63,36.765,0,13981.85035,1,1,9.545515363967878
344,49,41.47,4,10977.2063,0,1,9.303576247352384
345,34,29.26,3,6184.2994,0,1,8.729769004360477
346,33,35.75,2,4889.9995,1,1,8.494947480219423
347,46,33.345,1,8334.45755,1,1,9.028153712083231
348,36,29.92,1,5478.0368,0,1,8.608502067580671
349,19,27.835,0,1635.73365,1,1,7.3998466982849465
350,57,23.18,0,11830.6072,0,1,9.378445282789643
351,50,25.6,0,8932.084,0,1,9.097405017304542
352,30,27.7,0,3554.203,0,1,8.175886125822831
353,33,35.245,0,12404.8791,1,1,9.425845150008275
354,18,38.28,0,14133.03775,0,1,9.556270438418146
355,46,27.6,0,24603.04837,1,1,10.110625631722993
356,46,43.89,3,8944.1151,1,1,9.09875106427451
357,47,29.83,3,9620.3307,1,1,9.171633919368277
358,23,41.91,0,1837.2819,1,1,7.516042530164765
359,18,20.79,0,1607.5101,0,1,7.382441739140248
360,48,32.3,2,10043.249,0,1,9.214655946474418
361,35,30.5,1,4751.07,1,1,8.466125134818647
362,19,21.7,0,13844.506,0,0,9.535643754217315
363,21,26.4,1,2597.779,0,1,7.862412128177326
364,21,21.89,2,3180.5101,0,1,8.064796871715137
365,49,30.78,1,9778.3472,0,1,9.18792575079209
366,56,32.3,3,13430.265,0,1,9.50526602126602
367,42,24.985,2,8017.06115,0,1,8.989327193555336
368,44,32.015,2,8116.26885,1,1,9.001625826321154
369,18,30.4,3,3481.868,1,1,8.155324210362002
370,61,21.09,0,13415.0381,0,1,9.504131602960053
371,57,22.23,0,12029.2867,0,1,9.395099513777716
372,42,33.155,1,7639.41745,0,1,8.941076629253388
373,26,32.9,2,36085.219,1,0,10.493638614491699
374,20,33.33,0,1391.5287,1,1,7.238158205977826
375,23,28.31,0,18033.9679,0,0,9.800012364087102
376,39,24.89,3,21659.9301,0,0,9.98321929340296
377,24,40.15,0,38126.2465,1,0,10.548658208457207
378,64,30.115,3,16455.70785,0,1,9.708427677772185
379,62,31.46,1,27000.98473,1,1,10.203628615802879
380,27,17.955,2,15006.57945,0,0,9.61624401391433
381,55,30.685,0,42303.69215,1,0,10.652629646095242
382,55,33.0,0,20781.48892,1,1,9.94181791367443
383,35,43.34,2,5846.9176,0,1,8.673669895379257
384,44,22.135,2,8302.53565,1,1,9.024316247129066
385,19,34.4,0,1261.859,1,1,7.140341309442387
386,58,39.05,0,11856.4115,0,1,9.380624055098195
387,50,25.365,2,30284.64294,1,1,10.318396029350499
388,26,22.61,0,3176.8159,0,1,8.06363468484103
389,24,30.21,3,4618.0799,0,1,8.437734291627043
390,48,35.625,4,10736.87075,1,1,9.281438961548512
391,19,37.43,0,2138.0707,0,1,7.667659159326367
392,48,31.445,1,8964.06055,1,1,9.10097858969497
393,49,31.35,1,9290.1395,1,1,9.136708847841536
394,46,32.3,2,9411.005,0,1,9.149635028151815
395,46,19.855,0,7526.70645,1,1,8.926212834672594
396,43,34.4,3,8522.003,0,1,9.050406686089836
397,21,31.02,0,16586.49771,1,1,9.716344252398859
398,64,25.6,2,14988.432,1,1,9.615033982556648
399,18,38.17,0,1631.6683,0,1,7.3973582673174505
400,51,20.6,0,9264.797,0,1,9.13397722806388
401,47,47.52,1,8083.9198,1,1,8.997632157643029
402,64,32.965,0,14692.66935,0,1,9.5951039647093
403,49,32.3,3,10269.46,1,1,9.23692972120915
404,31,20.4,0,3260.199,1,1,8.089543515442493
405,52,38.38,2,11396.9002,0,1,9.341096685127038
406,33,24.31,0,4185.0979,0,1,8.339285375720452
407,47,23.6,1,8539.671,0,1,9.05247776145036
408,38,21.12,3,6652.5288,1,1,8.802752332042022
409,32,30.03,1,4074.4537,1,1,8.312491955338244
410,19,17.48,0,1621.3402,1,1,7.391008370166293
411,44,20.235,1,19594.80965,0,0,9.88301999637374
412,26,17.195,2,14455.64405,0,0,9.578840208975
413,25,23.9,5,5080.096,1,1,8.533085438031765
414,19,35.15,0,2134.9015,0,1,7.6661757887670525
415,43,35.64,1,7345.7266,0,1,8.901874008153671
416,52,34.1,0,9140.951,1,1,9.120519707175607
417,36,22.6,2,18608.262,0,0,9.83136095462493
418,64,39.16,1,14418.2804,1,1,9.576252152687747
419,63,26.98,0,28950.4692,0,0,10.273341690123692
420,64,33.88,0,46889.2612,1,0,10.755543955934765
421,61,35.86,0,46599.1084,1,0,10.749336686883488
422,40,32.775,1,39125.33225,1,0,10.574525419819176
423,25,30.59,0,2727.3951,1,1,7.9111022568392935
424,48,30.2,2,8968.33,1,1,9.101454761577214
425,45,24.31,5,9788.8659,1,1,9.189000886117643
426,38,27.265,1,6555.07035,0,1,8.787994128405655
427,18,29.165,0,7323.734819,0,1,8.898875698011654
428,21,16.815,1,3167.45585,0,1,8.0606839736609
429,27,30.4,3,18804.7524,0,1,9.841864904106775
430,19,33.1,0,23082.95533,1,1,10.046849759651726
431,29,20.235,2,4906.40965,0,1,8.498297721128688
432,42,26.9,0,5969.723,1,1,8.69445580665023
433,60,30.5,0,12638.195,0,1,9.444478856870957
434,31,28.595,1,4243.59005,1,1,8.353164899875043
435,60,33.11,3,13919.8229,1,1,9.541069211106327
436,22,31.73,0,2254.7967,1,1,7.72081509266191
437,35,28.9,3,5926.846,1,1,8.68724747865966
438,52,46.75,5,12592.5345,0,1,9.44085941734208
439,26,29.45,0,2897.3235,1,1,7.971542658777002
440,31,32.68,1,4738.2682,0,1,8.4634269892796
441,33,33.5,0,37079.372,0,0,10.52081608318254
442,18,43.01,0,1149.3959,1,1,7.0469917789888035
443,59,36.52,1,28287.89766,0,1,10.250189347642364
444,56,26.695,1,26109.32905,1,0,10.170047964312062
445,45,33.1,0,7345.084,0,1,8.901786524893842
446,60,29.64,0,12730.9996,1,1,9.451795211642274
447,56,25.65,0,11454.0215,0,1,9.346096170025552
448,40,29.6,0,5910.944,0,1,8.6845608269172
449,35,38.6,1,4762.329,1,1,8.468492113278527
450,39,29.6,4,7512.267,1,1,8.924292563387446
451,30,24.13,1,4032.2407,1,1,8.30207750539002
452,24,23.4,0,1969.614,1,1,7.585592863447169
453,20,29.735,0,1769.53165,1,1,7.478470186034148
454,32,46.53,2,4686.3887,1,1,8.45241756483806
455,59,37.4,0,21797.0004,1,1,9.989527642979661
456,55,30.14,2,11881.9696,0,1,9.382777370420577
457,57,30.495,0,11840.77505,0,1,9.37930436659962
458,56,39.6,0,10601.412,1,1,9.268742478775991
459,40,33.0,3,7682.67,0,1,8.946722421973286
460,49,36.63,3,10381.4787,0,1,9.247778603221294
461,42,30.0,0,22144.032,1,0,10.005323303503058
462,62,38.095,2,15230.32405,0,1,9.631043722747554
463,56,25.935,0,11165.41765,1,1,9.320576570650314
464,19,25.175,0,1632.03625,1,1,7.3975837472871735
465,30,28.38,1,19521.9682,0,0,9.879295684802122
466,60,28.7,1,13224.693,0,1,9.489841042846473
467,56,33.82,2,12643.3778,0,1,9.44488886301366
468,28,24.32,1,23288.9284,0,1,10.05573335065625
469,18,24.09,1,2201.0971,0,1,7.6967111968641335
470,27,32.67,0,2497.0383,1,1,7.822860628568228
471,18,30.115,0,2203.47185,0,1,7.697789509069965
472,19,29.8,0,1744.465,0,1,7.464203197370246
473,47,33.345,0,20878.78443,0,1,9.94648882334788
474,54,25.1,3,25382.297,1,0,10.14180724150723
475,61,28.31,1,28868.6639,1,0,10.27051199171073
476,24,28.5,0,35147.52848,1,0,10.467309581253186
477,25,35.625,0,2534.39375,1,1,7.837709735550147
478,21,36.85,0,1534.3045,1,1,7.335832462880444
479,23,32.56,0,1824.2854,1,1,7.508943627692479
480,63,41.325,3,15555.18875,1,1,9.652149543620059
481,49,37.51,2,9304.7019,1,1,9.138275132023676
482,18,31.35,0,1622.1885,0,1,7.391531442472909
483,51,39.5,1,9880.068,0,1,9.19827467330932
484,48,34.3,3,9563.029,1,1,9.16565979686612
485,31,31.065,0,4347.02335,0,1,8.377246602494955
486,54,21.47,3,12475.3513,0,1,9.431510080543866
487,19,28.7,0,1253.936,1,1,7.134042683207834
488,44,38.06,0,48885.13561,0,0,10.797228653997497
489,53,31.16,1,10461.9794,1,1,9.255502954897839
490,19,32.9,0,1748.774,0,1,7.466670249974151
491,61,25.08,0,24513.09126,0,1,10.106962590968418
492,18,25.08,0,2196.4732,0,1,7.69460826211217
493,61,43.4,0,12574.049,1,1,9.439390365865586
494,21,25.7,4,17942.106,1,0,9.794905520027315
495,20,27.93,0,1967.0227,1,1,7.584276358739348
496,31,23.6,2,4931.647,0,1,8.503428288324521
497,45,28.7,2,8027.968,1,1,8.990686723859456
498,44,23.98,2,8211.1002,0,1,9.013242200776457
499,62,39.2,0,13470.86,0,1,9.508284112949143
500,29,34.4,0,36197.699,1,0,10.496750832257703
501,43,26.03,0,6837.3687,1,1,8.830158243620813
502,51,23.21,1,22218.1149,1,0,10.008663221610878
503,19,30.25,0,32548.3405,1,0,10.390481663234114
504,38,28.93,1,5974.3847,0,1,8.695236392417504
505,37,30.875,3,6796.86325,1,1,8.824216497974023
506,22,31.35,1,2643.2685,1,1,7.879771498547758
507,21,23.75,2,3077.0955,1,1,8.031741411564495
508,24,25.27,0,3044.2133,0,1,8.020997788799955
509,57,28.7,0,11455.28,0,1,9.346206038063324
510,56,32.11,1,11763.0009,1,1,9.372714367471533
511,27,33.66,0,2498.4144,1,1,7.82341156964102
512,51,22.42,0,9361.3268,1,1,9.144342311562506
513,19,30.4,0,1256.299,1,1,7.135925376021836
514,39,28.3,1,21082.16,1,0,9.956182464199104
515,58,35.7,0,11362.755,1,1,9.338096180478136
516,20,35.31,1,27724.28875,1,1,10.230064158147394
517,45,30.495,2,8413.46305,1,1,9.037588445855505
518,35,31.0,1,5240.765,0,1,8.564222759025652
519,31,30.875,0,3857.75925,1,1,8.25784178871916
520,50,27.36,0,25656.57526,0,1,10.152555163167145
521,32,44.22,0,3994.1778,0,1,8.29259302976008
522,51,33.915,0,9866.30485,0,1,9.19688068036355
523,38,37.73,0,5397.6167,0,1,8.593712783276118
524,42,26.07,1,38245.59327,1,0,10.551783623990207
525,18,33.88,0,11482.63485,0,1,9.348591160089185
526,19,30.59,2,24059.68019,0,1,10.088292697254127
527,51,25.8,1,9861.025,0,1,9.19634539756895
528,46,39.425,1,8342.90875,1,1,9.029167205529545
529,18,25.46,0,1708.0014,1,1,7.44307919402031
530,57,42.13,1,48675.5177,1,0,10.792931466033865
531,62,31.73,0,14043.4767,0,1,9.549913275130127
532,59,29.7,2,12925.886,1,1,9.46698724635025
533,37,36.19,0,19214.70553,1,1,9.86343117787501
534,64,40.48,0,13831.1152,1,1,9.534676057705775
535,38,28.025,1,6067.12675,1,1,8.710640419433316
536,33,38.9,3,5972.378,0,1,8.694900452034446
537,46,30.2,2,8825.086,0,1,9.085353626796508
538,46,28.05,1,8233.0975,0,1,9.015917589813023
539,53,31.35,0,27346.04207,1,1,10.216327083301252
540,34,38.0,3,6196.448,0,1,8.731731503635617
541,20,31.79,2,3056.3881,0,1,8.024989138296391
542,63,36.3,0,13887.204,0,1,9.538723119589323
543,54,47.41,0,63770.42801,0,0,11.063044851063491
544,54,30.21,0,10231.4999,1,1,9.233226465989146
545,49,25.84,2,23807.2406,1,0,10.077745040282705
546,28,35.435,0,3268.84665,1,1,8.092192495253741
547,54,46.7,2,11538.421,0,1,9.35343770227735
548,25,28.595,0,3213.62205,0,1,8.075153944485312
549,43,46.2,0,45863.205,0,0,10.733418440581366
550,63,30.8,0,13390.559,1,1,9.502305185386628
551,32,28.93,0,3972.9247,0,1,8.287257802702698
552,62,21.4,0,12957.118,1,1,9.469400568633725
553,52,31.73,2,11187.6567,0,1,9.322566369188928
554,25,41.325,0,17878.90068,0,1,9.791376563615858
555,28,23.8,2,3847.674,1,1,8.255224088861992
556,46,33.44,1,8334.5896,1,1,9.028169555820288
557,34,34.21,0,3935.1799,1,1,8.27771187772261
558,35,34.105,3,39983.42595,0,0,10.596220295978874
559,19,35.53,0,1646.4297,1,1,7.406364404275679
560,46,19.95,2,9193.8385,0,1,9.126288810408107
561,54,32.68,0,10923.9332,0,1,9.298711367598699
562,27,30.5,0,2494.022,1,1,7.821651947371885
563,50,44.77,1,9058.7303,1,1,9.11148424572815
564,18,32.12,2,2801.2588,0,1,7.93782416656491
565,19,30.495,0,2128.43105,0,1,7.663140391039033
566,38,40.565,1,6373.55735,0,1,8.759913046378147
567,41,30.59,2,7256.7231,1,1,8.889683642287249
568,49,31.9,5,11552.904,0,1,9.354692112918501
569,48,40.565,2,45702.02235,1,0,10.729897828638402
570,31,29.1,0,3761.292,0,1,8.232517794382408
571,18,37.29,1,2219.4451,0,1,7.705012488667424
572,30,43.12,2,4753.6368,0,1,8.466665246179556
573,62,36.86,1,31620.00106,0,1,10.361545144286548
574,57,34.295,2,13224.05705,0,1,9.489792953617386
575,58,27.17,0,12222.8983,0,1,9.411066381363035
576,22,26.84,0,1664.9996,1,1,7.417580162174275
577,31,38.095,1,58571.07448,0,0,10.977996244143489
578,52,30.2,1,9724.53,1,1,9.182406838269918
579,25,23.465,0,3206.49135,0,1,8.072932580939872
580,59,25.46,1,12913.9924,1,1,9.466066684677644
581,19,30.59,0,1639.5631,1,1,7.402185082887787
582,39,45.43,2,6356.2707,1,1,8.757197116428735
583,32,23.65,1,17626.23951,0,1,9.777143952016166
584,19,20.7,0,1242.816,1,1,7.125135051591155
585,33,28.27,1,4779.6023,0,1,8.4721126211873
586,21,20.235,3,3861.20965,1,1,8.258735794194376
587,34,30.21,1,43943.8761,0,0,10.69066855552094
588,61,35.91,0,13635.6379,0,1,9.520442078197085
589,38,30.69,1,5976.8311,0,1,8.695645790101407
590,58,29.0,0,11842.442,0,1,9.37944513717139
591,47,19.57,1,8428.0693,1,1,9.039322997481637
592,20,31.13,2,2566.4707,1,1,7.850286965609456
593,21,21.85,1,15359.1045,0,0,9.639463704220857
594,41,40.26,0,5709.1644,1,1,8.649827952186532
595,46,33.725,1,8823.98575,0,1,9.085228946018162
596,42,29.48,2,7640.3092,0,1,8.941193352545817
597,34,33.25,1,5594.8455,0,1,8.629601006423735
598,43,32.6,2,7441.501,1,1,8.914827854790714
599,52,37.525,2,33471.97189,0,1,10.418463707617837
600,18,39.16,0,1633.0444,0,1,7.398201281823135
601,51,31.635,0,9174.13565,1,1,9.124143461400536
602,56,25.3,0,11070.535,0,1,9.312042353351504
603,64,39.05,3,16085.1275,0,1,9.685650366281438
604,19,28.31,0,17468.9839,0,0,9.768182238872198
605,51,34.1,0,9283.562,0,1,9.13600058834087
606,27,25.175,0,3558.62025,0,1,8.177128178496606
607,59,23.655,0,25678.77845,0,0,10.15342018852608
608,28,26.98,2,4435.0942,1,1,8.3973041346534
609,30,37.8,2,39241.442,1,0,10.577488661220206
610,47,29.37,1,8547.6913,0,1,9.053416502076113
611,38,34.8,2,6571.544,0,1,8.790504091479043
612,18,33.155,0,2207.69745,0,1,7.6997053735517555
613,34,19.0,3,6753.038,0,1,8.817747756687693
614,20,33.0,0,1880.07,0,1,7.539064289173378
615,47,36.63,1,42969.8527,0,0,10.66825404879016
616,56,28.595,0,11658.11505,0,1,9.36375778731645
617,49,25.6,2,23306.547,1,0,10.056489587208766
618,19,33.11,0,34439.8559,0,0,10.446969774444645
619,55,37.1,0,10713.644,0,1,9.279273348336124
620,30,31.4,1,3659.346,1,1,8.205039721904125
621,37,34.1,4,40182.246,1,0,10.601180535263609
622,49,21.3,1,9182.17,0,1,9.125018839122639
623,18,33.535,0,34617.84065,1,0,10.452124453879096
624,59,28.785,0,12129.61415,1,1,9.403405191869094
625,29,26.03,0,3736.4647,0,1,8.225895175981947
626,36,28.88,3,6748.5912,1,1,8.81708905097227
627,33,42.46,1,11326.71487,1,1,9.334919362287428
628,58,38.0,0,11365.952,1,1,9.338377498726558
629,44,38.95,0,42983.4585,0,0,10.66857063461853
630,53,36.1,1,10085.846,1,1,9.218888333830831
631,24,29.3,0,1977.815,1,1,7.5897479789915785
632,29,35.53,0,3366.6697,0,1,8.121679315150935
633,40,22.705,2,7173.35995,1,1,8.878129436102586
634,51,39.7,1,9391.346,1,1,9.147543905912501
635,64,38.19,0,14410.9321,1,1,9.575742371148683
636,19,24.51,1,2709.1119,0,1,7.9043761479872545
637,35,38.095,2,24915.04626,0,1,10.123227167426604
638,39,26.41,0,20149.3229,1,0,9.910925963832568
639,56,33.66,4,12949.1554,1,1,9.468785844923541
640,33,42.4,5,6666.243,1,1,8.804811711848632
641,42,28.31,3,32787.45859,1,0,10.397801361193013
642,61,33.915,0,13143.86485,1,1,9.483710377406176
643,23,34.96,3,4466.6214,0,1,8.404387562891182
644,43,35.31,2,18806.14547,1,1,9.84193898210435
645,48,30.78,3,10141.1362,1,1,9.22435532214995
646,39,26.22,1,6123.5688,1,1,8.719900342802815
647,40,23.37,3,8252.2843,0,1,9.018245325851677
648,18,28.5,0,1712.227,1,1,7.445550141369896
649,58,32.965,0,12430.95335,0,1,9.427944879069686
650,49,42.68,2,9800.8882,0,1,9.190228293204834
651,53,39.6,1,10579.711,0,1,9.266693389349228
652,48,31.13,0,8280.6227,0,1,9.021673449865537
653,45,36.3,2,8527.532,0,1,9.05105526685099
654,59,35.2,0,12244.531,0,1,9.412834667305264
655,52,25.3,2,24667.419,0,0,10.113238583053082
656,26,42.4,1,3410.324,0,1,8.134562580426712
657,27,33.155,2,4058.71245,1,1,8.308621071757383
658,48,35.91,1,26392.26029,0,1,10.180826075318103
659,57,28.785,4,14394.39815,0,1,9.574594392516097
660,37,46.53,3,6435.6237,1,1,8.769604038410412
661,57,23.98,1,22192.43711,0,1,10.007506839098198
662,32,31.54,1,5148.5526,0,1,8.54647090561255
663,18,33.66,0,1136.3994,1,1,7.035620121996789
664,64,22.99,0,27037.9141,0,0,10.20499538590917
665,43,38.06,2,42560.4304,1,0,10.658680236746347
666,49,28.7,1,8703.456,1,1,9.071475467142518
667,40,32.775,2,40003.33225,0,0,10.5967180358763
668,62,32.015,0,45710.20785,1,0,10.730076918460497
669,40,29.81,1,6500.2359,0,1,8.779593747532871
670,30,31.57,3,4837.5823,1,1,8.484170350113216
671,29,31.16,0,3943.5954,0,1,8.279848124253304
672,36,29.7,0,4399.731,1,1,8.389298681673813
673,41,31.02,0,6185.3208,0,1,8.7299341509027
674,44,43.89,2,46200.9851,0,0,10.740756399353332
675,45,21.375,0,7222.78625,1,1,8.884996064646055
676,55,40.81,3,12485.8009,0,1,9.43234734963519
677,60,31.35,3,46130.5265,1,0,10.739230189883656
678,56,36.1,3,12363.547,1,1,9.422507663952521
679,49,23.18,2,10156.7832,0,1,9.225897056826396
680,21,17.4,1,2585.269,0,1,7.857584843424017
681,19,20.3,0,1242.26,1,1,7.124687580359468
682,39,35.3,2,40103.89,1,0,10.599228616071036
683,53,24.32,0,9863.4718,1,1,9.196593495154136
684,33,18.5,1,4766.022,0,1,8.469267273678248
685,53,26.41,2,11244.3769,1,1,9.327623451564245
686,42,26.125,2,7729.64575,1,1,8.952818312588256
687,40,41.69,0,5438.7491,1,1,8.601304368555676
688,47,24.1,1,26236.57997,0,1,10.174909898054338
689,27,31.13,1,34806.4677,1,0,10.457558501942229
690,21,27.36,0,2104.1134,1,1,7.651649469743594
691,47,36.2,1,8068.185,1,1,8.995683828905412
692,20,32.395,1,2362.22905,1,1,7.767360964960058
693,24,23.655,0,2352.96845,1,1,7.763432980222679
694,27,34.8,1,3577.999,0,1,8.18255898458288
695,26,40.185,0,3201.24515,0,1,8.071295122479397
696,53,32.3,2,29186.48236,0,1,10.281460948193155
697,41,35.75,1,40273.6455,1,0,10.603452576194714
698,56,33.725,0,10976.24575,1,1,9.303488739474496
699,23,39.27,2,3500.6123,0,1,8.16069317503393
700,21,34.87,0,2020.5523,0,1,7.611126168865535
701,50,44.745,0,9541.69555,0,1,9.163426479258085
702,53,41.47,0,9504.3103,1,1,9.15950069048022
703,34,26.41,1,5385.3379,0,1,8.591435335997009
704,47,29.545,1,8930.93455,0,1,9.09727632125036
705,33,32.9,2,5375.038,0,1,8.589520922738314
706,51,38.06,0,44400.4064,0,0,10.70100390153158
707,49,28.69,3,10264.4421,1,1,9.236440978243934
708,31,30.495,3,6113.23105,0,1,8.71821072581372
709,36,27.74,0,5469.0066,0,1,8.60685227014802
710,18,35.2,1,1727.54,1,1,7.454453710221802
711,50,23.54,2,10107.2206,0,1,9.22100535829338
712,43,30.685,2,8310.83915,0,1,9.02531586349737
713,20,40.47,0,1984.4533,1,1,7.593098739570316
714,24,22.6,0,2457.502,0,1,7.806900665856189
715,60,28.9,0,12146.971,1,1,9.404835117276658
716,49,22.61,1,9566.9909,0,1,9.166074004491346
717,60,24.32,1,13112.6048,1,1,9.481329245046304
718,51,36.67,2,10848.1343,0,1,9.291748390265784
719,58,33.44,0,12231.6136,0,1,9.41177915783591
720,51,40.66,0,9875.6804,0,1,9.197830488661562
721,53,36.6,3,11264.541,1,1,9.329415106363781
722,62,37.4,0,12979.358,1,1,9.471115528326077
723,19,35.4,0,1263.249,1,1,7.14144225256276
724,50,27.075,1,10106.13425,0,1,9.220897869951232
725,30,39.05,3,40932.4295,0,0,10.619677925164396
726,41,28.405,1,6664.68595,1,1,8.80457811222284
727,29,21.755,1,16657.71745,0,0,9.720628898531286
728,18,40.28,0,2217.6012,0,1,7.704181350120979
729,41,36.08,1,6781.3542,0,1,8.821932095503433
730,35,24.42,3,19361.9988,1,0,9.871067599302947
731,53,21.4,1,10065.413,1,1,9.216860370515706
732,24,30.1,3,4234.927,0,1,8.351121369629444
733,48,27.265,1,9447.25035,0,1,9.153479009894344
734,59,32.1,3,14007.222,0,1,9.547328332731697
735,49,34.77,1,9583.8933,0,1,9.167839187154692
736,37,38.39,0,40419.0191,0,0,10.607055722973884
737,26,23.7,2,3484.331,1,1,8.156031339200162
738,23,31.73,3,36189.1017,1,0,10.496513294475752
739,29,35.5,2,44585.45587,1,0,10.705162983255969
740,45,24.035,2,8604.48365,1,1,9.060038701034644
741,27,29.15,0,18246.4955,1,0,9.811728313173756
742,53,34.105,0,43254.41795,1,0,10.674854656276105
743,31,26.62,0,3757.8448,0,1,8.231600880557536
744,50,26.41,0,8827.2099,1,1,9.085594264050979
745,50,30.115,1,9910.35985,0,1,9.201335938471033
746,34,27.0,2,11737.84884,1,1,9.37057384320268
747,19,21.755,0,1627.28245,1,1,7.394666693872962
748,47,36.0,1,8556.907,0,1,9.054494072064031
749,28,30.875,0,3062.50825,1,1,8.026989548726904
750,37,26.4,0,19539.243,0,0,9.880180183802308
751,21,28.975,0,1906.35825,1,1,7.552950025628654
752,64,37.905,0,14210.53595,1,1,9.561738936776804
753,58,22.77,0,11833.7823,0,1,9.378713626920732
754,24,33.63,4,17128.42608,1,1,9.748494706186174
755,31,27.645,2,5031.26955,1,1,8.52342762687361
756,39,22.8,3,7985.815,0,1,8.985422121815146
757,47,27.83,0,23065.4207,0,0,10.046089835582787
758,30,37.43,3,5428.7277,1,1,8.599460076080982
759,18,38.17,0,36307.7983,1,0,10.499787826381556
760,22,34.58,2,3925.7582,0,1,8.275314783535729
761,23,35.2,1,2416.955,1,1,7.790263762408525
762,33,27.1,1,19040.876,1,0,9.854343315690363
763,27,26.03,0,3070.8087,1,1,8.029696226087674
764,45,25.175,2,9095.06825,0,1,9.115487595047211
765,57,31.825,0,11842.62375,0,1,9.379460484394988
766,47,32.3,1,8062.764,1,1,8.995011704753995
767,42,29.0,1,7050.642,0,1,8.860873955490042
768,64,39.7,0,14319.031,0,1,9.569344770627316
769,38,19.475,2,6933.24225,0,1,8.844082839915778
770,61,36.1,3,27941.28758,1,1,10.237860715500025
771,53,26.7,2,11150.78,0,1,9.319264729598467
772,44,36.48,0,12797.20962,0,1,9.456982427705094
773,19,28.88,0,17748.5062,0,0,9.784056633615622
774,41,34.2,2,7261.741,1,1,8.890374886232234
775,51,33.33,3,10560.4917,1,1,9.264875118676253
776,40,32.3,2,6986.697,1,1,8.851763191360497
777,45,39.805,0,7448.40395,1,1,8.915755053522702
778,35,34.32,3,5934.3798,1,1,8.688517802847086
779,53,28.88,0,9869.8102,1,1,9.19723590225276
780,30,24.4,3,18259.216,1,0,9.812425217849334
781,18,41.14,0,1146.7966,1,1,7.0447277692332815
782,51,35.97,1,9386.1613,1,1,9.1469916813761
783,50,27.6,1,24520.264,0,0,10.107255156713231
784,31,29.26,1,4350.5144,0,1,8.378049369964973
785,35,27.7,3,6414.178,0,1,8.766266131660979
786,60,36.955,0,12741.16745,1,1,9.452593561505488
787,21,36.86,0,1917.3184,1,1,7.558682822107171
788,29,22.515,3,5209.57885,1,1,8.558254296547272
789,62,29.92,0,13457.9608,0,1,9.50732609097838
790,39,41.8,0,5662.225,0,1,8.641572203490552
791,19,27.6,0,1252.407,1,1,7.132822578705235
792,22,23.18,0,2731.9122,0,1,7.912757082546145
793,53,20.9,0,21195.818,1,0,9.96155917705003
794,39,31.92,2,7209.4918,0,1,8.883153742357887
795,27,28.5,0,18310.742,1,0,9.815243161151129
796,30,44.22,2,4266.1658,1,1,8.35847076372378
797,30,22.895,1,4719.52405,0,1,8.459463236630816
798,58,33.1,0,11848.141,0,1,9.379926256619562
799,33,24.795,0,17904.52705,1,0,9.792808867674283
800,42,26.18,1,7046.7222,0,1,8.860317851519767
801,64,35.97,0,14313.8463,0,1,9.568982620501616
802,21,22.3,1,2103.08,1,1,7.651158215873124
803,18,42.24,0,38792.6856,0,0,10.565986992376173
804,23,26.51,0,1815.8759,1,1,7.504323219821754
805,45,35.815,0,7731.85785,0,1,8.95310445552394
806,40,41.42,1,28476.73499,0,1,10.256842716748936
807,19,36.575,0,2136.88225,0,1,7.667103153192724
808,18,30.14,0,1131.5066,1,1,7.031305298021671
809,25,25.84,1,3309.7926,1,1,8.104640807797704
810,46,30.8,3,9414.92,0,1,9.150050943976023
811,33,42.94,3,6360.9936,0,1,8.757939870547187
812,54,21.01,2,11013.7119,1,1,9.306896311862733
813,28,22.515,2,4428.88785,1,1,8.395903781859541
814,36,34.43,2,5584.3057,1,1,8.627715388645722
815,20,31.46,0,1877.9294,0,1,7.537925065877328
816,24,24.225,0,2842.76075,0,1,7.952530954047238
817,23,37.1,3,3597.596,1,1,8.188021123603534
818,47,26.125,1,23401.30575,0,0,10.06054710107101
819,33,35.53,0,55135.40209,0,0,10.917547294992884
820,45,33.7,1,7445.918,1,1,8.915421241747795
821,26,17.67,0,2680.9493,1,1,7.893926227202988
822,18,31.13,0,1621.8827,0,1,7.391342913934506
823,44,29.81,2,8219.2039,0,1,9.014228634211625
824,60,24.32,0,12523.6048,1,1,9.435370526534808
825,64,31.825,2,16069.08475,0,1,9.684652503158159
826,56,31.79,2,43813.8661,1,0,10.687705623889984
827,36,28.025,1,20773.62775,1,0,9.941439564593802
828,41,30.78,3,39597.4072,1,0,10.586518920351532
829,39,21.85,1,6117.4945,1,1,8.718907896256349
830,63,33.1,0,13393.756,1,1,9.502543907191923
831,36,25.84,0,5266.3656,0,1,8.569095764156032
832,28,23.845,2,4719.73655,0,1,8.459508261343881
833,58,34.39,0,11743.9341,1,1,9.371092139462531
834,36,33.82,1,5377.4578,1,1,8.589971013598309
835,42,35.97,2,7160.3303,1,1,8.876311390175593
836,36,31.5,0,4402.233,1,1,8.389867191171781
837,56,28.31,0,11657.7189,0,1,9.363723806117159
838,35,23.465,2,6402.29135,0,1,8.764411228710166
839,59,31.35,0,12622.1795,0,1,9.443210823244142
840,21,31.1,0,1526.312,1,1,7.330609647040468
841,59,24.7,0,12323.936,1,1,9.419298666583957
842,23,32.78,2,36021.0112,0,0,10.491857691628514
843,57,29.81,0,27533.9129,0,0,10.223173720256224
844,53,30.495,0,10072.05505,1,1,9.217520041356586
845,60,32.45,0,45008.9555,0,0,10.714616760063484
846,51,34.2,1,9872.701,0,1,9.197528752538256
847,23,50.38,1,2438.0552,1,1,7.798955951294335
848,27,24.1,0,2974.126,0,1,7.997705493304883
849,55,32.775,0,10601.63225,1,1,9.268763254094612
850,37,30.78,0,37270.1512,0,0,10.525948049347285
851,61,32.3,2,14119.62,1,1,9.55532059850379
852,46,35.53,0,42111.6647,0,0,10.648080052552228
853,53,23.75,2,11729.6795,0,1,9.369877618171085
854,49,23.845,3,24106.91255,0,0,10.090253906152347
855,20,29.6,0,1875.344,0,1,7.5365473882432275
856,48,33.11,0,40974.1649,0,0,10.62069702268439
857,25,24.13,0,15817.9857,1,0,9.668902907045574
858,25,32.23,1,18218.16139,0,1,9.810174254086462
859,57,28.1,0,10965.446,1,1,9.302504334899389
860,37,47.6,2,46113.511,0,0,10.738861266305413
861,38,28.0,3,7151.092,0,1,8.875020351299158
862,55,33.535,2,12269.68865,0,1,9.414887162484883
863,36,19.855,0,5458.04645,0,1,8.604846211675456
864,51,25.4,0,8782.469,1,1,9.080512854387097
865,40,29.9,2,6600.361,1,1,8.79487962348839
866,18,37.29,0,1141.4451,1,1,7.040050370200915
867,57,43.7,1,11576.13,1,1,9.356700498379569
868,61,23.655,0,13129.60345,1,1,9.482624765012883
869,25,24.3,3,4391.652,0,1,8.387460745077433
870,50,36.2,0,8457.818,1,1,9.042846499711533
871,26,29.48,1,3392.3652,0,1,8.129282656210663
872,42,24.86,0,5966.8874,1,1,8.693980696889868
873,43,30.1,1,6849.026,1,1,8.831861731365324
874,44,21.85,3,8891.1395,1,1,9.092810498021672
875,23,28.12,0,2690.1138,0,1,7.897338776533775
876,49,27.1,1,26140.3603,0,1,10.171235770556825
877,33,33.44,5,6653.7886,1,1,8.802941685710042
878,41,28.8,1,6282.235,1,1,8.745481087867553
879,37,29.5,2,6311.952,0,1,8.750200257934058
880,22,34.8,3,3443.064,1,1,8.144117051606074
881,23,27.36,1,2789.0574,1,1,7.933458968269059
882,21,22.135,0,2585.85065,0,1,7.857809804377088
883,51,37.05,3,46255.1125,0,0,10.741927277371957
884,25,26.695,4,4877.98105,1,1,8.492486693979473
885,32,28.93,1,19719.6947,1,0,9.88937314629236
886,57,28.975,0,27218.43725,1,0,10.211649862727798
887,36,30.02,0,5272.1758,0,1,8.570198421605134
888,22,39.5,0,1682.597,1,1,7.428093712160173
889,57,33.63,1,11945.1327,1,1,9.388079168948936
890,64,26.885,0,29330.98315,0,0,10.2863996816961
891,36,29.04,4,7243.8136,0,1,8.887903087032262
892,54,24.035,0,10422.91665,1,1,9.251762184969365
893,47,38.94,2,44202.6536,1,0,10.696540102462784
894,62,32.11,0,13555.0049,1,1,9.514511123422926
895,61,44.0,0,13063.883,0,1,9.477606678700827
896,43,20.045,2,19798.05455,0,0,9.893338956804778
897,19,25.555,1,2221.56445,1,1,7.705966933884002
898,18,40.26,0,1634.5734,0,1,7.399137131855286
899,19,22.515,0,2117.33885,0,1,7.657915319734057
900,49,22.515,0,8688.85885,1,1,9.069796892030082
901,60,40.92,0,48673.5588,1,0,10.792891221173397
902,26,27.265,3,4661.28635,1,1,8.447046729799979
903,49,36.85,0,8125.7845,1,1,9.002797556383069
904,60,35.1,0,12644.589,0,1,9.444984655610234
905,26,29.355,2,4564.19145,0,1,8.42599665795494
906,27,32.585,3,4846.92015,1,1,8.486098761601982
907,44,32.34,1,7633.7206,0,1,8.940330633211769
908,63,39.8,3,15170.069,1,1,9.627079620783123
909,32,24.6,0,17496.306,0,0,9.769745051915594
910,22,28.31,1,2639.0429,1,1,7.87817159252883
911,18,31.73,0,33732.6867,1,0,10.426222578011334
912,59,26.695,3,14382.70905,0,1,9.573782003657021
913,44,27.5,1,7626.993,0,1,8.939448944371764
914,33,24.605,2,5257.50795,1,1,8.567412419701247
915,24,33.99,0,2473.3341,0,1,7.813322357466315
916,43,26.885,0,21774.32215,0,0,9.988486671500228
917,45,22.895,0,35069.37452,1,0,10.465083507788405
918,61,28.2,0,13041.921,0,1,9.475924140581634
919,35,34.21,1,5245.2269,0,1,8.565073780142555
920,62,25.0,0,13451.122,0,1,9.506817801625074
921,62,33.2,0,13462.52,0,1,9.507664807071711
922,38,31.0,1,5488.262,1,1,8.61036690879096
923,34,35.815,0,4320.41085,1,1,8.371105780882708
924,43,23.2,0,6250.435,1,1,8.74040634030848
925,50,32.11,2,25333.33284,1,1,10.139876311126674
926,19,23.4,2,2913.569,0,1,7.9771340691583665
927,57,20.1,1,12032.326,0,1,9.395352140237467
928,62,39.16,0,13470.8044,0,1,9.508279985512978
929,41,34.21,1,6289.7549,1,1,8.746677382321595
930,26,46.53,1,2927.0647,1,1,7.981755390991486
931,39,32.5,1,6238.298,0,1,8.738462667748422
932,46,25.8,5,10096.97,1,1,9.219990657820349
933,45,35.3,0,7348.142,0,1,8.902202771134682
934,32,37.18,2,4673.3922,1,1,8.449640468132152
935,59,27.5,0,12233.828,0,1,9.411960180524343
936,44,29.735,2,32108.66282,1,1,10.37688114249174
937,39,24.225,5,8965.79575,0,1,9.101172143951779
938,18,26.18,2,2304.0022,1,1,7.742402976676437
939,53,29.48,0,9487.6442,1,1,9.157745620534364
940,18,23.21,0,1121.8739,1,1,7.02275569117477
941,50,46.09,1,9549.5651,0,1,9.164250893170816
942,18,40.185,0,2217.46915,0,1,7.704121802023827
943,19,22.61,0,1628.4709,1,1,7.395396755351842
944,62,39.93,0,12982.8747,1,1,9.471386437231496
945,56,35.8,1,11674.13,0,1,9.365130561559194
946,42,35.8,2,7160.094,1,1,8.876278388360134
947,37,34.2,1,39047.285,1,0,10.57252862660237
948,42,31.255,0,6358.77645,1,1,8.75759125575089
949,25,29.7,3,19933.458,1,0,9.900154905431657
950,57,18.335,0,11534.87265,1,1,9.353130130234815
951,51,42.9,2,47462.894,1,0,10.767703505796094
952,30,28.405,1,4527.18295,0,1,8.417855159696465
953,44,30.2,2,38998.546,1,0,10.571279642365509
954,34,27.835,1,20009.63365,1,0,9.903969119064353
955,31,39.49,1,3875.7341,1,1,8.262490369006269
956,54,30.8,1,41999.52,1,0,10.645413468628771
957,24,26.79,1,12609.88702,1,1,9.44223646936292
958,43,34.96,1,41034.2214,1,0,10.622161665837258
959,48,36.67,1,28468.91901,1,1,10.256568210109709
960,19,39.615,1,2730.10785,0,1,7.912096392893189
961,29,25.9,0,3353.284,0,1,8.11769544314778
962,63,35.2,1,14474.675,0,1,9.580155849684816
963,46,24.795,3,9500.57305,1,1,9.159107396822023
964,52,36.765,2,26467.09737,1,1,10.183657631860399
965,35,27.1,1,4746.344,1,1,8.46512991645919
966,51,24.795,2,23967.38305,1,0,10.08444914541489
967,44,25.365,1,7518.02535,1,1,8.92505879602586
968,21,25.745,2,3279.86855,1,1,8.095558624355604
969,39,34.32,5,8596.8278,0,1,9.059148553730727
970,50,28.16,3,10702.6424,0,1,9.278245943233086
971,34,23.56,0,4992.3764,0,1,8.515667307847805
972,22,20.235,0,2527.81865,0,1,7.835112016142926
973,19,40.5,0,1759.338,0,1,7.472692880911536
974,26,35.42,0,2322.6218,1,1,7.750451912800503
975,29,22.895,0,16138.76205,1,0,9.688979238138792
976,48,40.15,0,7804.1605,1,1,8.962412267907734
977,26,29.15,1,2902.9065,1,1,7.973467755445312
978,45,39.995,3,9704.66805,0,1,9.180362290999593
979,36,29.92,0,4889.0368,0,1,8.494750589651973
980,54,25.46,1,25517.11363,1,1,10.147104628789455
981,34,21.375,0,4500.33925,1,1,8.4119080618057
982,31,25.9,3,19199.944,1,0,9.862662641344953
983,27,30.59,1,16796.41194,0,1,9.728920567580962
984,20,30.115,5,4915.05985,1,1,8.500059209516284
985,44,25.8,1,7624.63,0,1,8.939139075708093
986,43,30.115,3,8410.04685,1,1,9.037182323700586
987,45,27.645,1,28340.18885,0,1,10.252036176948652
988,34,34.675,0,4518.82625,1,1,8.416007559900255
989,24,20.52,0,14571.8908,0,0,9.586849664276604
990,26,19.8,1,3378.91,0,1,8.125308451260427
991,38,27.835,2,7144.86265,0,1,8.874148866946168
992,50,31.6,2,10118.424,0,1,9.222113199488794
993,38,28.27,1,5484.4673,1,1,8.609675248576345
994,27,20.045,3,16420.49455,0,0,9.706285501310472
995,39,23.275,3,7986.47525,0,1,8.985504796245682
996,39,34.1,3,7418.522,0,1,8.911735124945526
997,63,36.85,0,13887.9685,0,1,9.538778168752398
998,33,36.29,3,6551.7501,0,1,8.787487483779877
999,36,26.885,0,5267.81815,0,1,8.569371542525515
1000,30,22.99,2,17361.7661,1,0,9.76202571691077
1001,24,32.7,0,34472.841,1,0,10.447927075609824
1002,24,25.8,0,1972.95,1,1,7.587285163582897
1003,48,29.6,0,21232.18226,1,1,9.963273340747653
1004,47,19.19,1,8627.5411,1,1,9.06271481879738
1005,29,31.73,2,4433.3877,1,1,8.396919288624439
1006,28,29.26,2,4438.2634,1,1,8.398018452790371
1007,47,28.215,3,24915.22085,1,0,10.123234174814288
1008,25,24.985,2,23241.47453,1,1,10.053693656887708
1009,51,27.74,1,9957.7216,1,1,9.206103569390143
1010,48,22.8,0,8269.044,0,1,9.020274182786737
1011,43,20.13,2,18767.7377,1,0,9.839894594879139
1012,61,33.33,4,36580.28216,0,1,10.507264635419755
1013,48,32.3,1,8765.249,1,1,9.078550205394492
1014,38,27.6,0,5383.536,0,1,8.591100686332883
1015,59,25.46,0,12124.9924,1,1,9.403024089001363
1016,19,24.605,1,2709.24395,0,1,7.904424889710272
1017,26,34.2,2,3987.926,0,1,8.291026575242569
1018,54,35.815,3,12495.29085,0,1,9.433107120309066
1019,21,32.68,2,26018.95052,0,1,10.166580417663528
1020,51,37.0,0,8798.593,1,1,9.082347101319474
1021,22,31.02,3,35595.5898,0,0,10.479977027143638
1022,47,36.08,1,42211.1382,1,0,10.65043940358712
1023,18,23.32,1,1711.0268,1,1,7.444848937124288
1024,47,45.32,1,8569.8618,0,1,9.056006885440796
1025,21,34.6,0,2020.177,0,1,7.610940410318889
1026,19,26.03,1,16450.8947,1,0,9.708135143772237
1027,23,18.715,0,21595.38229,1,1,9.98023478794707
1028,54,31.6,0,9850.432,1,1,9.195270591072427
1029,37,17.29,2,6877.9801,0,1,8.836080297705095
1030,46,23.655,1,21677.28345,0,0,9.984020145580844
1031,55,35.2,0,44423.803,0,0,10.701530708371722
1032,30,27.93,0,4137.5227,0,1,8.327852506075102
1033,18,21.565,0,13747.87235,1,0,9.528639352939711
1034,61,38.38,0,12950.0712,1,1,9.468856565182067
1035,54,23.0,3,12094.478,0,1,9.400504263782892
1036,22,37.07,2,37484.4493,1,0,10.531681440619428
1037,45,30.495,1,39725.51805,0,0,10.589749032226115
1038,22,28.88,0,2250.8352,1,1,7.71905662632079
1039,19,27.265,2,22493.65964,1,1,10.020988754703406
1040,35,28.025,0,20234.85475,0,0,9.915161879127544
1041,18,23.085,0,1704.70015,1,1,7.441144509148898
1042,20,30.685,0,33475.81715,1,0,10.41857858101573
1043,28,25.8,0,3161.454,0,1,8.05878732733746
1044,55,35.245,1,11394.06555,1,1,9.340847933051702
1045,43,24.7,2,21880.82,0,0,9.993365732981747
1046,43,25.08,0,7325.0482,0,1,8.899055014068397
1047,22,52.58,1,44501.3982,1,0,10.703275887885447
1048,25,22.515,1,3594.17085,0,1,8.187068603776234
1049,49,30.9,0,39727.614,1,0,10.589801791631476
1050,44,36.955,1,8023.13545,0,1,8.990084578323348
1051,64,26.41,0,14394.5579,1,1,9.574605490521856
1052,49,29.83,1,9288.0267,1,1,9.136481398050599
1053,47,29.8,3,25309.489,1,0,10.138934663686996
1054,27,21.47,0,3353.4703,0,1,8.117750999081906
1055,55,27.645,0,10594.50155,1,1,9.268090423819404
1056,48,28.9,0,8277.523,0,1,9.021299048034273
1057,45,31.79,0,17929.30337,0,1,9.794191713083654
1058,24,39.49,0,2480.9791,0,1,7.816408559633747
1059,32,33.82,1,4462.7218,1,1,8.40351412793397
1060,24,32.01,0,1981.5819,1,1,7.591650744100329
1061,57,27.94,1,11554.2236,1,1,9.35480632875911
1062,59,41.14,1,48970.2476,1,0,10.798968200840411
1063,36,28.595,3,6548.19505,1,1,8.786944725768821
1064,29,25.6,4,5708.867,0,1,8.649775859143583
1065,42,25.3,1,7045.499,0,1,8.86014425220058
1066,48,37.29,2,8978.1851,1,1,9.102553036193283
1067,39,42.655,0,5757.41345,1,1,8.658243599015632
1068,63,21.66,1,14349.8544,1,1,9.571495074794829
1069,54,31.9,1,10928.849,0,1,9.299161269129582
1070,37,37.07,1,39871.7043,1,0,10.593422185887682
1071,63,31.445,0,13974.45555,1,1,9.544986338409286
1072,21,31.255,0,1909.52745,1,1,7.554611082053211
1073,54,28.88,2,12096.6512,0,1,9.400683932949047
1074,60,18.335,0,13204.28565,0,1,9.48829672633496
1075,32,29.59,1,4562.8421,0,1,8.425700975901744
1076,47,32.0,1,8551.347,0,1,9.053844093381725
1077,21,26.03,0,2102.2647,1,1,7.650770471196587
1078,28,31.68,0,34672.1472,1,0,10.45369196926782
1079,63,33.66,3,15161.5344,1,1,9.626516867794916
1080,18,21.78,2,11884.04858,1,1,9.382952324423352
1081,32,27.835,1,4454.40265,1,1,8.401648245617254
1082,38,19.95,1,5855.9025,1,1,8.675205405912378
1083,32,31.5,1,4076.497,1,1,8.312993320177268
1084,62,30.495,2,15019.76005,0,1,9.61712194982434
1085,39,18.3,5,19023.26,0,0,9.853417719940197
1086,55,28.975,0,10796.35025,1,1,9.286963416182969
1087,57,31.54,0,11353.2276,1,1,9.337257352528104
1088,52,47.74,1,9748.9106,1,1,9.184910824415926
1089,56,22.1,0,10577.087,1,1,9.26644533668895
1090,47,36.19,0,41676.0811,1,0,10.637682648494286
1091,55,29.83,0,11286.5387,0,1,9.331366029092958
1092,23,32.7,3,3591.48,1,1,8.186319652795467
1093,22,30.4,0,33907.548,0,0,10.431392923451883
1094,50,33.7,4,11299.343,0,1,9.332499861417224
1095,18,31.35,4,4561.1885,0,1,8.425338504513691
1096,51,34.96,2,44641.1974,0,0,10.706412420172152
1097,22,33.77,0,1674.6323,1,1,7.423348897772541
1098,52,30.875,0,23045.56616,0,1,10.04522867243799
1099,25,33.99,1,3227.1211,0,1,8.079345718462804
1100,33,19.095,2,16776.30405,0,0,9.727722696523381
1101,53,28.6,3,11253.421,1,1,9.3284274502958
1102,29,38.94,1,3471.4096,1,1,8.152316015237817
1103,58,36.08,0,11363.2832,1,1,9.338142664603124
1104,37,29.8,0,20420.60465,1,1,9.924299701956077
1105,54,31.24,0,10338.9316,0,1,9.24367181583795
1106,49,29.925,0,8988.15875,0,1,9.103663295588047
1107,50,26.22,2,10493.9458,0,1,9.25855377937721
1108,26,30.0,1,2904.088,1,1,7.9738746785158625
1109,45,20.35,3,8605.3615,1,1,9.06014071822226
1110,54,32.3,1,11512.405,0,1,9.351180428629407
1111,38,38.39,3,41949.2441,1,0,10.644215692662685
1112,48,25.85,3,24180.9335,0,0,10.093319729709767
1113,28,26.315,3,5312.16985,0,1,8.577755665419184
1114,23,24.51,0,2396.0959,1,1,7.7815959834760955
1115,55,32.67,1,10807.4863,1,1,9.28799434890277
1116,41,29.64,5,9222.4026,1,1,9.129390868287384
1117,25,33.33,2,36124.5737,1,0,10.494728624653064
1118,33,35.75,1,38282.7495,1,0,10.552754669006335
1119,30,19.95,3,5693.4305,0,1,8.647068245273546
1120,23,31.4,0,34166.273,0,0,10.438994266874893
1121,46,38.17,2,8347.1643,1,1,9.029677155375715
1122,53,36.86,3,46661.4424,0,0,10.750673458085194
1123,27,32.395,1,18903.49141,0,1,9.847101914674951
1124,23,42.75,1,40904.1995,0,0,10.618988014021557
1125,63,25.08,0,14254.6082,0,1,9.5648355158761
1126,55,29.9,0,10214.636,1,1,9.231576872745064
1127,35,35.86,2,5836.5204,0,1,8.671890076332048
1128,34,32.8,1,14358.36437,1,1,9.572087934304326
1129,19,18.6,0,1728.897,0,1,7.455238911901867
1130,39,23.87,5,8582.3023,0,1,9.057457489820392
1131,27,45.9,2,3693.428,1,1,8.21431030307363
1132,57,40.28,0,20709.02034,1,1,9.938324649552763
1133,52,18.335,0,9991.03765,0,1,9.209443735117471
1134,28,33.82,0,19673.33573,1,1,9.887019481651924
1135,50,28.12,3,11085.5868,0,1,9.313401057049871
1136,44,25.0,1,7623.518,0,1,8.938993221929394
1137,26,22.23,0,3176.2877,0,1,8.063468403906713
1138,33,30.25,0,3704.3545,1,1,8.217264298529827
1139,19,32.49,0,36898.73308,0,0,10.51593249556386
1140,50,37.07,1,9048.0273,1,1,9.110302035032785
1141,41,32.6,3,7954.517,0,1,8.98149522239808
1142,52,24.86,0,27117.99378,0,1,10.20795276365428
1143,39,32.34,2,6338.0756,1,1,8.754330468232741
1144,50,32.3,2,9630.397,1,1,9.172679729279917
1145,52,32.775,3,11289.10925,1,1,9.331593756776948
1146,60,32.8,0,52590.82939,1,0,10.870297037328017
1147,20,31.92,0,2261.5688,0,1,7.7238140107412425
1148,55,21.5,1,10791.96,1,1,9.286556691431501
1149,42,34.1,0,5979.731,1,1,8.696130862655307
1150,18,30.305,0,2203.73595,0,1,7.697909358195443
1151,58,36.48,0,12235.8392,0,1,9.412124563634917
1152,43,32.56,3,40941.2854,0,0,10.619894255888985
1153,35,35.815,1,5630.45785,0,1,8.635946041095384
1154,48,27.93,4,11015.1747,0,1,9.30702911930132
1155,36,22.135,3,7228.21565,0,1,8.885747486629533
1156,19,44.88,0,39722.7462,1,0,10.58967925474193
1157,23,23.18,2,14426.07385,0,1,9.576792532279685
1158,20,30.59,0,2459.7201,0,1,7.807802841965112
1159,32,41.1,0,3989.841,0,1,8.291506659465831
1160,43,34.58,1,7727.2532,0,1,8.952508735612067
1161,34,42.13,2,5124.1887,1,1,8.54172748903643
1162,30,38.83,1,18963.17192,1,1,9.850254057175354
1163,18,28.215,0,2200.83085,0,1,7.696590227142071
1164,41,28.31,1,7153.5539,0,1,8.87536456115119
1165,35,26.125,0,5227.98875,0,1,8.561781922867276
1166,57,40.37,0,10982.5013,1,1,9.304058494220062
1167,29,24.6,2,4529.477,0,1,8.41836175927329
1168,32,35.2,2,4670.64,1,1,8.449051386241019
1169,37,34.105,1,6112.35295,0,1,8.718067076234034
1170,18,27.36,1,17178.6824,1,0,9.75142449876709
1171,43,26.7,2,22478.6,0,0,10.020319024488227
1172,56,41.91,0,11093.6229,0,1,9.314125708690787
1173,38,29.26,2,6457.8434,1,1,8.773050702030712
1174,29,32.11,2,4433.9159,1,1,8.397038422923758
1175,22,27.1,0,2154.361,0,1,7.675249438845605
1176,52,24.13,1,23887.6627,0,0,10.081117399619002
1177,40,27.4,1,6496.886,0,1,8.779078264166637
1178,23,34.865,0,2899.48935,0,1,7.972289914262673
1179,31,29.81,0,19350.3689,1,0,9.870466762875685
1180,42,41.325,1,7650.77375,0,1,8.942562065496743
1181,24,29.925,0,2850.68375,0,1,7.955314156769049
1182,25,30.3,0,2632.992,0,1,7.875876121132408
1183,48,27.36,1,9447.3824,0,1,9.153492987408674
1184,23,28.49,1,18328.2381,0,0,9.81619821510089
1185,45,23.56,2,8603.8234,1,1,9.059961964839921
1186,20,35.625,3,37465.34375,1,0,10.531171617986534
1187,62,32.68,0,13844.7972,0,1,9.535664787610457
1188,43,25.27,1,21771.3423,0,0,9.988349810573093
1189,23,28.0,0,13126.67745,0,1,9.482401885007656
1190,31,32.775,2,5327.40025,0,1,8.580618640193542
1191,41,21.755,1,13725.47184,0,1,9.527008643928893
1192,58,32.395,1,13019.16105,0,1,9.474177478202634
1193,48,36.575,0,8671.19125,0,1,9.067761459413477
1194,31,21.755,0,4134.08245,0,1,8.327020684406639
1195,19,27.93,3,18838.70366,0,1,9.84366873790736
1196,19,30.02,0,33307.5508,0,0,10.41353940101522
1197,41,33.55,0,5699.8375,1,1,8.648192944644329
1198,40,29.355,1,6393.60345,1,1,8.763053308616136
1199,31,25.8,2,4934.705,0,1,8.50404817297853
1200,37,24.32,2,6198.7518,1,1,8.732103228184426
1201,46,40.375,2,8733.22925,1,1,9.074890483071128
1202,22,32.11,0,2055.3249,1,1,7.628189216623282
1203,51,32.3,1,9964.06,1,1,9.206739898041981
1204,18,27.28,3,18223.4512,0,0,9.810464571098317
1205,35,17.86,1,5116.5004,1,1,8.540225968705249
1206,59,34.8,2,36910.60803,0,1,10.516254269201825
1207,36,33.4,2,38415.474,1,0,10.556215626155717
1208,37,25.555,1,20296.86345,0,0,9.918221643239786
1209,59,37.1,1,12347.172,1,1,9.42118232798015
1210,36,30.875,1,5373.36425,1,1,8.589209481098042
1211,39,34.1,2,23563.01618,1,1,10.067433650793916
1212,18,21.47,0,1702.4553,1,1,7.439826782172378
1213,52,33.3,2,10806.839,0,1,9.287934453440736
1214,27,31.255,1,3956.07145,0,1,8.283006753752403
1215,18,39.14,0,12890.05765,1,1,9.464211568382503
1216,40,25.08,0,5415.6612,1,1,8.597050257244009
1217,29,37.29,2,4058.1161,1,1,8.308474130129282
1218,46,34.6,1,41661.602,0,0,10.637335168228285
1219,38,30.21,3,7537.1639,0,1,8.927601249659833
1220,30,21.945,1,4718.20355,0,1,8.459183402318027
1221,40,24.97,2,6593.5083,1,1,8.793840853062461
1222,50,25.3,0,8442.667,1,1,9.04105353293468
1223,20,24.42,0,26125.67477,0,0,10.170673817450309
1224,41,23.94,1,6858.4796,1,1,8.833241063502724
1225,33,39.82,1,4795.6568,0,1,8.475465953953865
1226,38,16.815,2,6640.54485,1,1,8.800949294826985
1227,42,37.18,2,7162.0122,1,1,8.876546253991721
1228,56,34.43,0,10594.2257,1,1,9.268064386389522
1229,58,30.305,0,11938.25595,1,1,9.387503308438452
1230,52,34.485,3,60021.39897,1,0,11.002456427119922
1231,20,21.8,0,20167.33603,0,0,9.911819546370243
1232,54,24.605,3,12479.70895,0,1,9.43185932033737
1233,58,23.3,0,11345.519,1,1,9.3365781431927
1234,45,27.83,2,8515.7587,0,1,9.049673690712916
1235,26,31.065,0,2699.56835,1,1,7.900847168841421
1236,63,21.66,0,14449.8544,0,1,9.578439617365246
1237,58,28.215,0,12224.35085,0,1,9.411185212728707
1238,37,22.705,3,6985.50695,1,1,8.85159284600809
1239,25,42.13,1,3238.4357,0,1,8.08284568355478
1240,52,41.8,2,47269.854,1,0,10.763628035142784
1241,64,36.96,2,49577.6624,1,0,10.811295656434112
1242,22,21.28,3,4296.2712,0,1,8.365502762687802
1243,28,33.11,0,3171.6149,0,1,8.061996169331463
1244,18,33.33,0,1135.9407,1,1,7.035216397214367
1245,28,24.3,5,5615.369,1,1,8.633262581843207
1246,45,25.7,3,9101.798,0,1,9.116227255405688
1247,33,29.4,4,6059.173,1,1,8.709328601103802
1248,18,39.82,0,1633.9618,0,1,7.398762896933699
1249,32,33.63,1,37607.5277,1,0,10.534959514126916
1250,24,29.83,0,18648.4217,1,0,9.833516794145021
1251,19,19.8,0,1241.565,1,1,7.124127959598635
1252,20,27.3,0,16232.847,1,0,9.694792061021555
1253,40,29.3,4,15828.82173,0,1,9.669587717382127
1254,34,27.72,0,4415.1588,0,1,8.392799080681138
1255,42,37.9,0,6474.013,0,1,8.775551442516303
1256,51,36.385,3,11436.73815,0,1,9.344586097529177
1257,54,27.645,1,11305.93455,0,1,9.333083048256867
1258,55,37.715,3,30063.58055,1,1,10.31106976965331
1259,52,23.18,0,10197.7722,0,1,9.229924563652334
1260,32,20.52,0,4544.2348,0,1,8.42161463160122
1261,28,37.1,1,3277.161,1,1,8.094732777794066
1262,41,28.05,1,6770.1925,0,1,8.820284799770908
1263,43,29.9,1,7337.748,0,1,8.900787262543032
1264,49,33.345,2,10370.91255,0,1,9.246760296387565
1265,64,23.76,0,26926.5144,1,0,10.20086674556824
1266,55,30.5,0,10704.47,0,1,9.278416690223178
1267,24,31.065,0,34254.05335,1,0,10.44156018267344
1268,20,33.3,0,1880.487,0,1,7.539286064831457
1269,45,27.5,3,8615.3,1,1,9.061294971338892
1270,26,33.915,1,3292.52985,1,1,8.099411499635565
1271,25,34.485,0,3021.80915,0,1,8.013610987297714
1272,43,25.52,5,14478.33015,1,1,9.580408338157117
1273,35,27.61,1,4747.0529,1,1,8.46527926236957
1274,26,27.06,0,17043.3414,1,0,9.743514872709168
1275,57,23.7,0,10959.33,1,1,9.301946427246547
1276,22,30.4,0,2741.948,0,1,7.9164238956827715
1277,32,29.735,0,4357.04365,0,1,8.379549044428517
1278,39,29.925,1,22462.04375,1,0,10.019582219255035
1279,25,26.79,2,4189.1131,0,1,8.340244319866398
1280,48,33.33,0,8283.6807,0,1,9.022042677591074
1281,47,27.645,2,24535.69855,0,0,10.10788441968992
1282,18,21.66,0,14283.4594,0,0,9.566857461456555
1283,18,30.03,1,1720.3537,1,1,7.450285188201471
1284,61,36.3,1,47403.88,1,0,10.766459360873188
1285,47,24.32,0,8534.6718,0,1,9.051892181062124
1286,28,17.29,0,3732.6251,0,1,8.224867045261597
1287,36,25.9,1,5472.449,0,1,8.6074815100297
1288,20,39.4,2,38344.566,1,0,10.554368101840476
1289,44,34.32,1,7147.4728,1,1,8.874514118662818
1290,38,19.95,2,7133.9025,0,1,8.872613698878428
1291,19,34.9,0,34828.654,1,0,10.45819571776692
1292,21,23.21,0,1515.3449,1,1,7.323398348799277
1293,46,25.745,3,9301.89355,1,1,9.13797326594303
1294,58,25.175,0,11931.12525,1,1,9.386905831683409
1295,20,22.0,1,1964.78,1,1,7.583135558747921
1296,18,26.125,0,1708.92575,1,1,7.443620235711848
1297,28,26.51,2,4340.4409,0,1,8.375731211796301
1298,33,27.455,2,5261.46945,1,1,8.568165629835017
1299,19,25.745,1,2710.82855,0,1,7.905009605152786
1300,45,30.36,0,62592.87309,1,0,11.044406702204412
1301,62,30.875,3,46718.16325,1,0,10.751888302731006
1302,25,20.8,1,3208.787,0,1,8.073648263088874
1303,43,27.8,0,37829.7242,1,0,10.540850427090321
1304,42,24.605,2,21259.37795,1,0,9.964553392295727
1305,24,27.72,0,2464.6188,0,1,7.809792429487589
1306,29,21.85,0,16115.3045,0,0,9.687524689510054
1307,32,28.12,4,21472.4788,1,0,9.974527338330544
1308,25,30.2,0,33900.653,0,0,10.431189555719895
1309,41,32.2,2,6875.961,1,1,8.835786694584385
1310,42,26.315,1,6940.90985,1,1,8.84518814721317
1311,33,26.695,0,4571.41305,0,1,8.427577637408286
1312,34,42.9,1,4536.259,1,1,8.419857942542947
1313,19,34.7,2,36397.576,0,0,10.5022574580008
1314,30,23.655,3,18765.87545,0,0,9.83979536382488
1315,18,28.31,1,11272.33139,1,1,9.330106452543097
1316,19,20.6,0,1731.677,0,1,7.456845582123641
1317,18,53.13,0,1163.4627,1,1,7.059155923784115
1318,35,39.71,4,19496.71917,1,1,9.878001482704299
1319,39,26.315,2,7201.70085,0,1,8.882072506273097
1320,31,31.065,3,5425.02335,1,1,8.598777482546863
1321,62,26.695,0,28101.33305,1,0,10.2435722936984
1322,62,38.83,0,12981.3457,1,1,9.471268659768649
1323,42,40.37,2,43896.3763,0,0,10.689587051237151
1324,31,25.935,1,4239.89265,1,1,8.352293229509261
1325,61,33.535,0,13143.33665,1,1,9.48367019054946
1326,42,32.87,0,7050.0213,0,1,8.860785917078346
1327,51,30.03,1,9377.9047,1,1,9.14611163751643
1328,23,24.225,2,22395.74424,0,1,10.016626230507166
1329,52,38.6,2,10325.206,1,1,9.242343369204054
1330,57,25.74,2,12629.1656,0,1,9.44376414823737
1331,23,33.4,0,10795.93733,0,1,9.286925169193296
1332,52,44.7,3,11411.685,0,1,9.342393109428775
1333,50,30.97,3,10600.5483,1,1,9.268661005177488
1334,18,31.92,0,2205.9808,0,1,7.698927496239761
1335,18,36.85,0,1629.8335,0,1,7.39623314134416
1336,21,25.8,0,2007.945,0,1,7.604867089998248
1337,61,29.07,0,29141.3603,0,0,10.279913760197052
